
   	      	                  fitness                  	                      size                     
   	      	-------------------------------------------	-----------------------------------------------
gen	nevals	avg  	gen	max  	min  	nevals	std	avg 	gen	max	min	nevals	std    
0  	200   	1e+06	0  	1e+06	1e+06	200   	0  	11.6	0  	51 	2  	200   	9.86408
1  	88    	1e+06	1  	1e+06	1e+06	88    	0  	11.665	1  	51 	2  	88    	9.4283 
2  	94    	1e+06	2  	1e+06	1e+06	94    	0  	12.31 	2  	51 	2  	94    	9.79714
3  	106   	1e+06	3  	1e+06	1e+06	106   	0  	12.505	3  	57 	2  	106   	10.8065
4  	121   	1e+06	4  	1e+06	1e+06	121   	0  	12.235	4  	50 	1  	121   	10.539 
5  	117   	1e+06	5  	1e+06	1e+06	117   	0  	12.06 	5  	50 	1  	117   	10.563 
6  	101   	1e+06	6  	1e+06	1e+06	101   	0  	11.98 	6  	54 	1  	101   	10.7452
7  	112   	1e+06	7  	1e+06	1e+06	112   	0  	12.49 	7  	55 	1  	112   	11.581 
8  	111   	1e+06	8  	1e+06	1e+06	111   	0  	12.645	8  	58 	1  	111   	12.3774
9  	115   	1e+06	9  	1e+06	1e+06	115   	0  	12.57 	9  	55 	1  	115   	11.518 
10 	122   	1e+06	10 	1e+06	1e+06	122   	0  	11.06 	10 	55 	1  	122   	11.2128
11 	116   	1e+06	11 	1e+06	1e+06	116   	0  	10.91 	11 	56 	1  	116   	10.8214
12 	103   	1e+06	12 	1e+06	1e+06	103   	0  	9.675 	12 	55 	1  	103   	9.5026 
13 	116   	1e+06	13 	1e+06	1e+06	116   	0  	9.54  	13 	59 	1  	116   	9.84014
14 	113   	1e+06	14 	1e+06	1e+06	113   	0  	8.71  	14 	65 	1  	113   	9.77271
15 	92    	1e+06	15 	1e+06	1e+06	92    	0  	9     	15 	61 	1  	92    	9.15096
16 	119   	1e+06	16 	1e+06	1e+06	119   	0  	8.325 	16 	40 	1  	119   	7.89363
17 	109   	1e+06	17 	1e+06	1e+06	109   	0  	8.36  	17 	39 	1  	109   	7.78206
18 	105   	1e+06	18 	1e+06	1e+06	105   	0  	8.22  	18 	39 	1  	105   	8.60532
19 	114   	1e+06	19 	1e+06	1e+06	114   	0  	7.465 	19 	39 	1  	114   	6.97773
20 	108   	1e+06	20 	1e+06	1e+06	108   	0  	6.93  	20 	35 	1  	108   	6.26858
21 	90    	1e+06	21 	1e+06	1e+06	90    	0  	7.255 	21 	34 	1  	90    	6.16928
22 	120   	1e+06	22 	1e+06	1e+06	120   	0  	7.365 	22 	35 	1  	120   	6.38058
23 	108   	1e+06	23 	1e+06	1e+06	108   	0  	7.595 	23 	32 	1  	108   	6.17341
24 	109   	1e+06	24 	1e+06	1e+06	109   	0  	8.095 	24 	33 	1  	109   	7.18721
25 	103   	1e+06	25 	1e+06	1e+06	103   	0  	7.14  	25 	32 	1  	103   	6.53149
26 	104   	1e+06	26 	1e+06	1e+06	104   	0  	7.615 	26 	32 	1  	104   	7.16846
27 	93    	1e+06	27 	1e+06	1e+06	93    	0  	7.62  	27 	32 	1  	93    	6.55787
28 	125   	1e+06	28 	1e+06	1e+06	125   	0  	7.725 	28 	33 	1  	125   	7.09502
29 	107   	1e+06	29 	1e+06	1e+06	107   	0  	8.26  	29 	37 	1  	107   	7.52412
30 	109   	1e+06	30 	1e+06	1e+06	109   	0  	7.57  	30 	39 	1  	109   	6.96456
31 	109   	1e+06	31 	1e+06	1e+06	109   	0  	7.485 	31 	37 	1  	109   	7.042  
32 	101   	1e+06	32 	1e+06	1e+06	101   	0  	7.54  	32 	37 	1  	101   	6.67671
33 	97    	1e+06	33 	1e+06	1e+06	97    	0  	7.96  	33 	32 	1  	97    	6.60518
34 	101   	1e+06	34 	1e+06	1e+06	101   	0  	8.065 	34 	32 	1  	101   	6.82355
35 	127   	1e+06	35 	1e+06	1e+06	127   	0  	7.9   	35 	32 	1  	127   	6.60303
36 	111   	1e+06	36 	1e+06	1e+06	111   	0  	8.92  	36 	32 	1  	111   	7.13187
37 	110   	1e+06	37 	1e+06	1e+06	110   	0  	8.41  	37 	28 	1  	110   	6.5652 
38 	112   	1e+06	38 	1e+06	1e+06	112   	0  	8.315 	38 	32 	1  	112   	6.21013
39 	101   	1e+06	39 	1e+06	1e+06	101   	0  	8.13  	39 	31 	1  	101   	5.74831
40 	110   	1e+06	40 	1e+06	1e+06	110   	0  	8.025 	40 	31 	1  	110   	5.48583
41 	97    	1e+06	41 	1e+06	1e+06	97    	0  	7.68  	41 	31 	1  	97    	5.52246
42 	121   	1e+06	42 	1e+06	1e+06	121   	0  	7.315 	42 	34 	1  	121   	5.38756
43 	96    	1e+06	43 	1e+06	1e+06	96    	0  	7.655 	43 	31 	1  	96    	5.48142
44 	91    	1e+06	44 	1e+06	1e+06	91    	0  	8.21  	44 	32 	1  	91    	5.91911
45 	125   	1e+06	45 	1e+06	1e+06	125   	0  	8.775 	45 	24 	1  	125   	5.4694 
46 	95    	1e+06	46 	1e+06	1e+06	95    	0  	8.75  	46 	29 	1  	95    	6.05372
47 	113   	1e+06	47 	1e+06	1e+06	113   	0  	8.76  	47 	29 	1  	113   	6.3955 
48 	125   	1e+06	48 	1e+06	1e+06	125   	0  	9.005 	48 	32 	1  	125   	6.39726
49 	111   	1e+06	49 	1e+06	1e+06	111   	0  	8.815 	49 	34 	1  	111   	6.41645
50 	106   	1e+06	50 	1e+06	1e+06	106   	0  	9.185 	50 	29 	1  	106   	6.52003
51 	120   	1e+06	51 	1e+06	1e+06	120   	0  	9.385 	51 	29 	1  	120   	6.77545
52 	109   	1e+06	52 	1e+06	1e+06	109   	0  	9.875 	52 	31 	1  	109   	7.40469
53 	116   	1e+06	53 	1e+06	1e+06	116   	0  	10.83 	53 	36 	1  	116   	8.29283
54 	120   	1e+06	54 	1e+06	1e+06	120   	0  	10.575	54 	54 	1  	120   	8.85971
55 	98    	1e+06	55 	1e+06	1e+06	98    	0  	10.925	55 	40 	1  	98    	8.58483
56 	104   	1e+06	56 	1e+06	1e+06	104   	0  	10.77 	56 	33 	1  	104   	8.27388
57 	113   	1e+06	57 	1e+06	1e+06	113   	0  	11.17 	57 	34 	1  	113   	7.99194
58 	126   	1e+06	58 	1e+06	1e+06	126   	0  	11.465	58 	36 	1  	126   	7.72391
59 	117   	1e+06	59 	1e+06	1e+06	117   	0  	11.145	59 	33 	1  	117   	7.93498
60 	120   	1e+06	60 	1e+06	1e+06	120   	0  	11.14 	60 	34 	1  	120   	8.48295
61 	118   	1e+06	61 	1e+06	1e+06	118   	0  	11.105	61 	37 	1  	118   	8.96292
62 	119   	1e+06	62 	1e+06	1e+06	119   	0  	10.11 	62 	43 	1  	119   	9.41636
63 	112   	1e+06	63 	1e+06	1e+06	112   	0  	10.61 	63 	43 	1  	112   	9.53771
64 	110   	1e+06	64 	1e+06	1e+06	110   	0  	11.06 	64 	37 	1  	110   	9.40406
65 	104   	1e+06	65 	1e+06	1e+06	104   	0  	10.38 	65 	41 	1  	104   	9.37206
66 	114   	1e+06	66 	1e+06	1e+06	114   	0  	10.66 	66 	43 	1  	114   	9.64492
67 	104   	1e+06	67 	1e+06	1e+06	104   	0  	9.855 	67 	41 	1  	104   	9.20674
68 	113   	1e+06	68 	1e+06	1e+06	113   	0  	9.16  	68 	41 	1  	113   	8.50555
69 	114   	1e+06	69 	1e+06	1e+06	114   	0  	10.43 	69 	41 	1  	114   	9.49922
70 	105   	1e+06	70 	1e+06	1e+06	105   	0  	10.605	70 	42 	1  	105   	10.2249
71 	100   	1e+06	71 	1e+06	1e+06	100   	0  	10.92 	71 	43 	1  	100   	10.1061
72 	118   	1e+06	72 	1e+06	1e+06	118   	0  	11.085	72 	50 	1  	118   	10.1108
73 	118   	1e+06	73 	1e+06	1e+06	118   	0  	10    	73 	42 	1  	118   	8.34805
74 	102   	1e+06	74 	1e+06	1e+06	102   	0  	9.935 	74 	42 	1  	102   	9.19787
75 	105   	1e+06	75 	1e+06	1e+06	105   	0  	11.115	75 	44 	1  	105   	10.2534
76 	109   	1e+06	76 	1e+06	1e+06	109   	0  	12.715	76 	44 	1  	109   	11.1675
77 	116   	1e+06	77 	1e+06	1e+06	116   	0  	12.86 	77 	47 	1  	116   	11.5551
78 	95    	1e+06	78 	1e+06	1e+06	95    	0  	11.565	78 	45 	1  	95    	11.3232
79 	108   	1e+06	79 	1e+06	1e+06	108   	0  	11.515	79 	48 	1  	108   	10.7294
80 	108   	1e+06	80 	1e+06	1e+06	108   	0  	11.185	80 	45 	1  	108   	10.813 
81 	122   	1e+06	81 	1e+06	1e+06	122   	0  	10.595	81 	44 	1  	122   	9.96549
82 	113   	1e+06	82 	1e+06	1e+06	113   	0  	10.81 	82 	51 	1  	113   	9.91231
83 	128   	1e+06	83 	1e+06	1e+06	128   	0  	11.025	83 	45 	1  	128   	10.1432
84 	104   	1e+06	84 	1e+06	1e+06	104   	0  	12.335	84 	46 	1  	104   	11.5032
85 	105   	1e+06	85 	1e+06	1e+06	105   	0  	12.735	85 	56 	1  	105   	12.0318
86 	94    	1e+06	86 	1e+06	1e+06	94    	0  	11.26 	86 	48 	1  	94    	10.884 
87 	117   	1e+06	87 	1e+06	1e+06	117   	0  	11.77 	87 	53 	1  	117   	11.8413
88 	103   	1e+06	88 	1e+06	1e+06	103   	0  	11.6  	88 	48 	1  	103   	11.5451
89 	117   	1e+06	89 	1e+06	1e+06	117   	0  	12.425	89 	57 	1  	117   	11.9597
90 	118   	1e+06	90 	1e+06	1e+06	118   	0  	13.305	90 	57 	1  	118   	12.8192
91 	85    	1e+06	91 	1e+06	1e+06	85    	0  	12.05 	91 	76 	1  	85    	12.4903
92 	117   	1e+06	92 	1e+06	1e+06	117   	0  	12.245	92 	46 	1  	117   	11.1989
93 	118   	1e+06	93 	1e+06	1e+06	118   	0  	11.51 	93 	48 	1  	118   	10.5839
94 	113   	1e+06	94 	1e+06	1e+06	113   	0  	11.03 	94 	48 	1  	113   	10.3846
95 	111   	1e+06	95 	1e+06	1e+06	111   	0  	11.015	95 	46 	1  	111   	10.6501
96 	94    	1e+06	96 	1e+06	1e+06	94    	0  	10.805	96 	43 	1  	94    	10.1886
97 	105   	1e+06	97 	1e+06	1e+06	105   	0  	11.385	97 	46 	1  	105   	10.395 
98 	113   	1e+06	98 	1e+06	1e+06	113   	0  	10.115	98 	47 	1  	113   	9.23752
99 	103   	1e+06	99 	1e+06	1e+06	103   	0  	9.815 	99 	44 	1  	103   	8.96999
100	106   	1e+06	100	1e+06	1e+06	106   	0  	10.11 	100	61 	1  	106   	9.0641 
101	113   	1e+06	101	1e+06	1e+06	113   	0  	9.85  	101	47 	1  	113   	9.23512
102	113   	1e+06	102	1e+06	1e+06	113   	0  	10.315	102	46 	1  	113   	9.84814
103	106   	1e+06	103	1e+06	1e+06	106   	0  	10.68 	103	45 	1  	106   	10.1527
104	87    	1e+06	104	1e+06	1e+06	87    	0  	11.23 	104	49 	1  	87    	10.4989
105	116   	1e+06	105	1e+06	1e+06	116   	0  	10.745	105	49 	1  	116   	9.28655
106	104   	1e+06	106	1e+06	1e+06	104   	0  	11.46 	106	49 	1  	104   	9.47831
107	105   	1e+06	107	1e+06	1e+06	105   	0  	11.18 	107	52 	1  	105   	9.65182
108	101   	1e+06	108	1e+06	1e+06	101   	0  	11.685	108	52 	1  	101   	10.7063
109	104   	1e+06	109	1e+06	1e+06	104   	0  	11.29 	109	54 	1  	104   	10.0372
110	105   	1e+06	110	1e+06	1e+06	105   	0  	11.29 	110	51 	1  	105   	9.81967
111	106   	1e+06	111	1e+06	1e+06	106   	0  	10.785	111	51 	1  	106   	9.93171
112	115   	1e+06	112	1e+06	1e+06	115   	0  	10.085	112	51 	1  	115   	9.24974
113	111   	1e+06	113	1e+06	1e+06	111   	0  	9.25  	113	41 	1  	111   	8.79247
114	98    	1e+06	114	1e+06	1e+06	98    	0  	10.04 	114	44 	1  	98    	9.4762 
115	133   	1e+06	115	1e+06	1e+06	133   	0  	10.39 	115	45 	1  	133   	9.118  
116	107   	1e+06	116	1e+06	1e+06	107   	0  	10.42 	116	50 	1  	107   	9.43152
117	111   	1e+06	117	1e+06	1e+06	111   	0  	10.34 	117	50 	1  	111   	9.19589
118	106   	1e+06	118	1e+06	1e+06	106   	0  	11.44 	118	50 	1  	106   	10.4564
119	112   	1e+06	119	1e+06	1e+06	112   	0  	11.85 	119	50 	1  	112   	10.6469
120	121   	1e+06	120	1e+06	1e+06	121   	0  	10.825	120	55 	1  	121   	10.3395
121	106   	1e+06	121	1e+06	1e+06	106   	0  	9.905 	121	48 	1  	106   	9.0419 
122	110   	1e+06	122	1e+06	1e+06	110   	0  	9.86  	122	42 	1  	110   	9.32097
123	117   	1e+06	123	1e+06	1e+06	117   	0  	9.52  	123	42 	1  	117   	8.17249
124	118   	1e+06	124	1e+06	1e+06	118   	0  	8.15  	124	42 	1  	118   	6.70056
125	113   	1e+06	125	1e+06	1e+06	113   	0  	7.93  	125	42 	1  	113   	6.48113
126	98    	1e+06	126	1e+06	1e+06	98    	0  	7.765 	126	39 	1  	98    	6.5658 
127	115   	1e+06	127	1e+06	1e+06	115   	0  	7.805 	127	39 	1  	115   	6.53353
128	102   	1e+06	128	1e+06	1e+06	102   	0  	7.945 	128	39 	1  	102   	7.07474
129	107   	1e+06	129	1e+06	1e+06	107   	0  	8.37  	129	39 	1  	107   	7.90526
130	128   	1e+06	130	1e+06	1e+06	128   	0  	7.62  	130	42 	1  	128   	7.04951
131	113   	1e+06	131	1e+06	1e+06	113   	0  	7.51  	131	42 	1  	113   	7.00142
132	110   	1e+06	132	1e+06	1e+06	110   	0  	7.79  	132	37 	1  	110   	6.91346
133	110   	1e+06	133	1e+06	1e+06	110   	0  	8.48  	133	38 	1  	110   	7.23254
134	106   	1e+06	134	1e+06	1e+06	106   	0  	8.515 	134	40 	1  	106   	7.03276
135	117   	1e+06	135	1e+06	1e+06	117   	0  	9.215 	135	32 	1  	117   	7.12943
136	105   	1e+06	136	1e+06	1e+06	105   	0  	8.725 	136	35 	1  	105   	6.99138
137	121   	1e+06	137	1e+06	1e+06	121   	0  	8.585 	137	33 	1  	121   	6.97802
138	112   	1e+06	138	1e+06	1e+06	112   	0  	9.065 	138	33 	1  	112   	7.56444
139	116   	1e+06	139	1e+06	1e+06	116   	0  	8.79  	139	29 	1  	116   	7.4031 
140	99    	1e+06	140	1e+06	1e+06	99    	0  	9.2   	140	50 	1  	99    	8.41309
141	113   	1e+06	141	1e+06	1e+06	113   	0  	9.26  	141	51 	1  	113   	7.61002
142	94    	1e+06	142	1e+06	1e+06	94    	0  	9.235 	142	35 	1  	94    	7.31162
143	94    	1e+06	143	1e+06	1e+06	94    	0  	8.83  	143	36 	1  	94    	7.44185
144	103   	1e+06	144	1e+06	1e+06	103   	0  	8.285 	144	35 	1  	103   	7.05364
145	107   	1e+06	145	1e+06	1e+06	107   	0  	7.91  	145	31 	1  	107   	6.59711
146	114   	1e+06	146	1e+06	1e+06	114   	0  	8.035 	146	40 	1  	114   	6.91258
147	98    	1e+06	147	1e+06	1e+06	98    	0  	7.94  	147	35 	1  	98    	7.26267
148	108   	1e+06	148	1e+06	1e+06	108   	0  	8.18  	148	33 	1  	108   	7.06312
149	114   	1e+06	149	1e+06	1e+06	114   	0  	8.755 	149	40 	1  	114   	7.44076
150	92    	1e+06	150	1e+06	1e+06	92    	0  	9.14  	150	33 	1  	92    	7.4693 
151	108   	1e+06	151	1e+06	1e+06	108   	0  	9.7   	151	42 	1  	108   	8.41309
152	96    	1e+06	152	1e+06	1e+06	96    	0  	9.62  	152	42 	1  	96    	7.88071
153	116   	1e+06	153	1e+06	1e+06	116   	0  	9.165 	153	31 	1  	116   	7.59064
154	90    	1e+06	154	1e+06	1e+06	90    	0  	9.36  	154	39 	1  	90    	7.79682
155	102   	1e+06	155	1e+06	1e+06	102   	0  	9.48  	155	44 	1  	102   	8.10985
156	96    	1e+06	156	1e+06	1e+06	96    	0  	10.58 	156	44 	1  	96    	8.96904
157	117   	1e+06	157	1e+06	1e+06	117   	0  	9.28  	157	44 	1  	117   	8.45704
158	105   	1e+06	158	1e+06	1e+06	105   	0  	8.765 	158	37 	1  	105   	8.22616
159	119   	1e+06	159	1e+06	1e+06	119   	0  	8.67  	159	37 	1  	119   	8.10932
160	112   	1e+06	160	1e+06	1e+06	112   	0  	8.59  	160	37 	1  	112   	7.89442
161	117   	1e+06	161	1e+06	1e+06	117   	0  	8.61  	161	37 	1  	117   	7.81715
162	110   	1e+06	162	1e+06	1e+06	110   	0  	8.12  	162	38 	1  	110   	7.38482
163	114   	1e+06	163	1e+06	1e+06	114   	0  	7.61  	163	40 	1  	114   	7.36056
164	109   	1e+06	164	1e+06	1e+06	109   	0  	7.845 	164	56 	1  	109   	7.91271
165	98    	1e+06	165	1e+06	1e+06	98    	0  	7.37  	165	56 	1  	98    	7.28787
166	99    	1e+06	166	1e+06	1e+06	99    	0  	7.44  	166	40 	1  	99    	6.85904
167	102   	1e+06	167	1e+06	1e+06	102   	0  	7.095 	167	30 	1  	102   	6.02129
168	112   	1e+06	168	1e+06	1e+06	112   	0  	6.35  	168	30 	1  	112   	5.66811
169	124   	1e+06	169	1e+06	1e+06	124   	0  	6.365 	169	29 	1  	124   	5.47008
170	119   	1e+06	170	1e+06	1e+06	119   	0  	6.03  	170	30 	1  	119   	5.18451
171	118   	1e+06	171	1e+06	1e+06	118   	0  	5.955 	171	23 	1  	118   	4.9369 
172	126   	1e+06	172	1e+06	1e+06	126   	0  	5.845 	172	28 	1  	126   	5.16536
173	104   	1e+06	173	1e+06	1e+06	104   	0  	5.585 	173	26 	1  	104   	5.04805
174	125   	1e+06	174	1e+06	1e+06	125   	0  	5.24  	174	28 	1  	125   	4.8469 
175	109   	1e+06	175	1e+06	1e+06	109   	0  	5.705 	175	31 	1  	109   	5.12425
176	119   	1e+06	176	1e+06	1e+06	119   	0  	5.37  	176	31 	1  	119   	4.9893 
177	127   	1e+06	177	1e+06	1e+06	127   	0  	5.33  	177	29 	1  	127   	4.52671
178	109   	1e+06	178	1e+06	1e+06	109   	0  	6.07  	178	25 	1  	109   	4.69416
179	114   	1e+06	179	1e+06	1e+06	114   	0  	6.675 	179	25 	1  	114   	5.25827
180	100   	1e+06	180	1e+06	1e+06	100   	0  	6.65  	180	26 	1  	100   	5.04752
181	110   	1e+06	181	1e+06	1e+06	110   	0  	6.01  	181	26 	1  	110   	4.61626
182	112   	1e+06	182	1e+06	1e+06	112   	0  	5.8   	182	26 	1  	112   	4.19762
183	118   	1e+06	183	1e+06	1e+06	118   	0  	5.755 	183	26 	1  	118   	4.64058
184	108   	1e+06	184	1e+06	1e+06	108   	0  	6.21  	184	26 	1  	108   	5.11037
185	104   	1e+06	185	1e+06	1e+06	104   	0  	6.39  	185	24 	1  	104   	4.96164
186	103   	1e+06	186	1e+06	1e+06	103   	0  	6.52  	186	24 	1  	103   	4.99896
187	112   	1e+06	187	1e+06	1e+06	112   	0  	6.43  	187	24 	1  	112   	4.45029
188	118   	1e+06	188	1e+06	1e+06	118   	0  	6.385 	188	24 	1  	118   	4.24697
189	111   	1e+06	189	1e+06	1e+06	111   	0  	5.81  	189	25 	1  	111   	4.12721
190	108   	1e+06	190	1e+06	1e+06	108   	0  	6.01  	190	30 	1  	108   	4.57273
191	131   	1e+06	191	1e+06	1e+06	131   	0  	5.985 	191	30 	1  	131   	4.46148
192	92    	1e+06	192	1e+06	1e+06	92    	0  	5.645 	192	30 	1  	92    	4.31033
193	103   	1e+06	193	1e+06	1e+06	103   	0  	5.77  	193	32 	1  	103   	4.46957
194	106   	1e+06	194	1e+06	1e+06	106   	0  	6.115 	194	22 	1  	106   	4.5312 
195	107   	1e+06	195	1e+06	1e+06	107   	0  	6.215 	195	30 	1  	107   	4.75907
196	115   	1e+06	196	1e+06	1e+06	115   	0  	5.695 	196	21 	1  	115   	4.01397
197	105   	1e+06	197	1e+06	1e+06	105   	0  	5.76  	197	23 	1  	105   	4.22521
198	113   	1e+06	198	1e+06	1e+06	113   	0  	5.58  	198	25 	1  	113   	4.07475
199	113   	1e+06	199	1e+06	1e+06	113   	0  	6.04  	199	26 	1  	113   	4.29981
200	99    	1e+06	200	1e+06	1e+06	99    	0  	5.835 	200	26 	1  	99    	4.17825
201	112   	1e+06	201	1e+06	1e+06	112   	0  	6.195 	201	26 	1  	112   	3.80749
202	102   	1e+06	202	1e+06	1e+06	102   	0  	6.015 	202	20 	1  	102   	3.53055
203	106   	1e+06	203	1e+06	1e+06	106   	0  	5.775 	203	20 	1  	106   	3.27786
204	113   	1e+06	204	1e+06	1e+06	113   	0  	5.465 	204	22 	1  	113   	3.68494
205	114   	1e+06	205	1e+06	1e+06	114   	0  	5.56  	205	20 	1  	114   	3.62304
206	121   	1e+06	206	1e+06	1e+06	121   	0  	6.125 	206	20 	1  	121   	4.10358
207	101   	1e+06	207	1e+06	1e+06	101   	0  	5.825 	207	20 	1  	101   	3.82941
208	108   	1e+06	208	1e+06	1e+06	108   	0  	5.685 	208	20 	1  	108   	3.89176
209	106   	1e+06	209	1e+06	1e+06	106   	0  	6.195 	209	20 	1  	106   	4.01584
210	102   	1e+06	210	1e+06	1e+06	102   	0  	6.605 	210	20 	1  	102   	4.25311
211	102   	1e+06	211	1e+06	1e+06	102   	0  	7     	211	22 	1  	102   	4.49889
212	98    	1e+06	212	1e+06	1e+06	98    	0  	6.65  	212	21 	1  	98    	3.88169
213	90    	1e+06	213	1e+06	1e+06	90    	0  	6.98  	213	21 	1  	90    	4.07794
214	126   	1e+06	214	1e+06	1e+06	126   	0  	6.79  	214	21 	1  	126   	4.25863
215	117   	1e+06	215	1e+06	1e+06	117   	0  	6.82  	215	27 	1  	117   	4.21991
216	102   	1e+06	216	1e+06	1e+06	102   	0  	7.545 	216	27 	1  	102   	4.74636
217	112   	1e+06	217	1e+06	1e+06	112   	0  	7.62  	217	27 	1  	112   	4.475  
218	104   	1e+06	218	1e+06	1e+06	104   	0  	7.345 	218	22 	1  	104   	4.45713
219	106   	1e+06	219	1e+06	1e+06	106   	0  	7.375 	219	21 	1  	106   	4.13332
220	108   	1e+06	220	1e+06	1e+06	108   	0  	7.44  	220	23 	1  	108   	4.35734
221	119   	1e+06	221	1e+06	1e+06	119   	0  	7.725 	221	26 	1  	119   	4.67433
222	114   	1e+06	222	1e+06	1e+06	114   	0  	8.09  	222	21 	1  	114   	4.60998
223	119   	1e+06	223	1e+06	1e+06	119   	0  	8.165 	223	24 	1  	119   	4.62685
224	112   	1e+06	224	1e+06	1e+06	112   	0  	7.74  	224	21 	1  	112   	4.25116
225	121   	1e+06	225	1e+06	1e+06	121   	0  	7.545 	225	18 	1  	121   	4.20333
226	113   	1e+06	226	1e+06	1e+06	113   	0  	7.275 	226	20 	1  	113   	4.21419
227	107   	1e+06	227	1e+06	1e+06	107   	0  	7.12  	227	20 	1  	107   	4.44698
228	116   	1e+06	228	1e+06	1e+06	116   	0  	7.46  	228	24 	1  	116   	4.72635
229	118   	1e+06	229	1e+06	1e+06	118   	0  	7.285 	229	26 	1  	118   	4.79935
230	104   	1e+06	230	1e+06	1e+06	104   	0  	7.125 	230	26 	1  	104   	4.78324
231	93    	1e+06	231	1e+06	1e+06	93    	0  	7.335 	231	34 	1  	93    	4.79612
232	112   	1e+06	232	1e+06	1e+06	112   	0  	7.555 	232	34 	1  	112   	4.97564
233	118   	1e+06	233	1e+06	1e+06	118   	0  	7.82  	233	26 	1  	118   	5.10271
234	115   	1e+06	234	1e+06	1e+06	115   	0  	7.53  	234	42 	1  	115   	5.32533
235	91    	1e+06	235	1e+06	1e+06	91    	0  	7.915 	235	25 	1  	91    	4.94851
236	118   	1e+06	236	1e+06	1e+06	118   	0  	7.62  	236	25 	1  	118   	5.06415
237	101   	1e+06	237	1e+06	1e+06	101   	0  	7.77  	237	25 	1  	101   	5.27419
238	106   	1e+06	238	1e+06	1e+06	106   	0  	7.95  	238	25 	1  	106   	5.43576
239	106   	1e+06	239	1e+06	1e+06	106   	0  	7.875 	239	25 	1  	106   	5.13706
240	107   	1e+06	240	1e+06	1e+06	107   	0  	7.82  	240	44 	1  	107   	5.62651
241	116   	1e+06	241	1e+06	1e+06	116   	0  	8.16  	241	26 	1  	116   	5.02538
242	100   	1e+06	242	1e+06	1e+06	100   	0  	7.605 	242	26 	1  	100   	4.36107
243	102   	1e+06	243	1e+06	1e+06	102   	0  	7.02  	243	26 	1  	102   	4.35771
244	100   	1e+06	244	1e+06	1e+06	100   	0  	6.95  	244	26 	1  	100   	4.56481
245	126   	1e+06	245	1e+06	1e+06	126   	0  	6.965 	245	32 	1  	126   	4.56112
246	114   	1e+06	246	1e+06	1e+06	114   	0  	7.31  	246	32 	1  	114   	4.66089
247	104   	1e+06	247	1e+06	1e+06	104   	0  	7.175 	247	32 	1  	104   	4.73755
248	109   	1e+06	248	1e+06	1e+06	109   	0  	7.395 	248	32 	1  	109   	5.02384
249	100   	1e+06	249	1e+06	1e+06	100   	0  	6.66  	249	30 	1  	100   	4.79003
250	121   	1e+06	250	1e+06	1e+06	121   	0  	6.76  	250	30 	1  	121   	5.07764
251	118   	1e+06	251	1e+06	1e+06	118   	0  	7.525 	251	29 	1  	118   	5.25637
252	90    	1e+06	252	1e+06	1e+06	90    	0  	7.645 	252	37 	1  	90    	5.88294
253	107   	1e+06	253	1e+06	1e+06	107   	0  	7.125 	253	37 	1  	107   	5.59905
254	99    	1e+06	254	1e+06	1e+06	99    	0  	6.44  	254	37 	1  	99    	4.99163
255	97    	1e+06	255	1e+06	1e+06	97    	0  	5.87  	255	27 	1  	97    	4.08205
256	106   	1e+06	256	1e+06	1e+06	106   	0  	6.195 	256	27 	1  	106   	4.38029
257	103   	1e+06	257	1e+06	1e+06	103   	0  	6.305 	257	27 	1  	103   	4.57842
258	109   	1e+06	258	1e+06	1e+06	109   	0  	6.06  	258	27 	1  	109   	4.9514 
259	115   	1e+06	259	1e+06	1e+06	115   	0  	6.13  	259	27 	1  	115   	4.70352
260	102   	1e+06	260	1e+06	1e+06	102   	0  	6.28  	260	25 	1  	102   	4.65205
261	98    	1e+06	261	1e+06	1e+06	98    	0  	6.53  	261	27 	1  	98    	5.1874 
262	90    	1e+06	262	1e+06	1e+06	90    	0  	6.545 	262	26 	1  	90    	5.32616
263	100   	1e+06	263	1e+06	1e+06	100   	0  	7.23  	263	29 	1  	100   	5.84612
264	99    	1e+06	264	1e+06	1e+06	99    	0  	7.545 	264	34 	1  	99    	6.02976
265	101   	1e+06	265	1e+06	1e+06	101   	0  	7.775 	265	34 	1  	101   	5.8885 
266	112   	1e+06	266	1e+06	1e+06	112   	0  	7.03  	266	32 	1  	112   	5.15258
267	117   	1e+06	267	1e+06	1e+06	117   	0  	7.025 	267	28 	1  	117   	5.14435
268	117   	1e+06	268	1e+06	1e+06	117   	0  	6.61  	268	27 	1  	117   	4.6355 
269	108   	1e+06	269	1e+06	1e+06	108   	0  	6.595 	269	23 	1  	108   	4.57504
270	105   	1e+06	270	1e+06	1e+06	105   	0  	6.645 	270	28 	1  	105   	4.3885 
271	103   	1e+06	271	1e+06	1e+06	103   	0  	6.69  	271	25 	1  	103   	4.51707
272	114   	1e+06	272	1e+06	1e+06	114   	0  	6.425 	272	29 	1  	114   	4.39481
273	98    	1e+06	273	1e+06	1e+06	98    	0  	6.645 	273	21 	1  	98    	4.34614
274	111   	1e+06	274	1e+06	1e+06	111   	0  	6.35  	274	23 	1  	111   	4.4088 
275	109   	1e+06	275	1e+06	1e+06	109   	0  	5.845 	275	27 	1  	109   	4.10865
276	138   	1e+06	276	1e+06	1e+06	138   	0  	6.005 	276	27 	1  	138   	4.12734
277	103   	1e+06	277	1e+06	1e+06	103   	0  	6.425 	277	27 	1  	103   	4.73649
278	112   	1e+06	278	1e+06	1e+06	112   	0  	6.7   	278	23 	1  	112   	5.26118
279	107   	1e+06	279	1e+06	1e+06	107   	0  	7.055 	279	24 	1  	107   	5.48014
280	98    	1e+06	280	1e+06	1e+06	98    	0  	6.61  	280	24 	1  	98    	4.7904 
281	100   	1e+06	281	1e+06	1e+06	100   	0  	6.875 	281	29 	1  	100   	4.78951
282	103   	1e+06	282	1e+06	1e+06	103   	0  	6.73  	282	23 	1  	103   	4.57024
283	116   	1e+06	283	1e+06	1e+06	116   	0  	6.865 	283	21 	1  	116   	4.61159
284	118   	1e+06	284	1e+06	1e+06	118   	0  	6.645 	284	21 	1  	118   	4.97483
285	108   	1e+06	285	1e+06	1e+06	108   	0  	6.7   	285	21 	1  	108   	5.09215
286	116   	1e+06	286	1e+06	1e+06	116   	0  	6.815 	286	21 	1  	116   	5.27075
287	123   	1e+06	287	1e+06	1e+06	123   	0  	6.865 	287	21 	1  	123   	5.61131
288	104   	1e+06	288	1e+06	1e+06	104   	0  	7.325 	288	24 	1  	104   	5.88127
289	116   	1e+06	289	1e+06	1e+06	116   	0  	7.73  	289	25 	1  	116   	5.98223
290	97    	1e+06	290	1e+06	1e+06	97    	0  	8.07  	290	25 	1  	97    	5.96365
291	91    	1e+06	291	1e+06	1e+06	91    	0  	7.745 	291	25 	1  	91    	5.79223
292	120   	1e+06	292	1e+06	1e+06	120   	0  	7.295 	292	30 	1  	120   	5.91506
293	111   	1e+06	293	1e+06	1e+06	111   	0  	7.535 	293	30 	1  	111   	6.40459
294	109   	1e+06	294	1e+06	1e+06	109   	0  	6.865 	294	25 	1  	109   	5.62377
295	124   	1e+06	295	1e+06	1e+06	124   	0  	7.115 	295	41 	1  	124   	6.40482
296	114   	1e+06	296	1e+06	1e+06	114   	0  	7.35  	296	41 	1  	114   	6.80349
297	106   	1e+06	297	1e+06	1e+06	106   	0  	7.14  	297	41 	1  	106   	6.81252
298	116   	1e+06	298	1e+06	1e+06	116   	0  	7.71  	298	40 	1  	116   	5.91827
299	89    	1e+06	299	1e+06	1e+06	89    	0  	8.135 	299	40 	1  	89    	6.21907
300	108   	1e+06	300	1e+06	1e+06	108   	0  	7.225 	300	32 	1  	108   	5.35951
301	125   	1e+06	301	1e+06	1e+06	125   	0  	7.15  	301	26 	1  	125   	5.24285
302	114   	1e+06	302	1e+06	1e+06	114   	0  	7.85  	302	35 	1  	114   	6.15284
303	116   	1e+06	303	1e+06	1e+06	116   	0  	8.14  	303	28 	1  	116   	6.37263
304	119   	1e+06	304	1e+06	1e+06	119   	0  	8.735 	304	28 	1  	119   	7.01247
305	110   	1e+06	305	1e+06	1e+06	110   	0  	8.57  	305	37 	1  	110   	6.90978
306	107   	1e+06	306	1e+06	1e+06	107   	0  	8.3   	306	37 	1  	107   	7.18331
307	116   	1e+06	307	1e+06	1e+06	116   	0  	7.66  	307	37 	1  	116   	7.0473 
308	117   	1e+06	308	1e+06	1e+06	117   	0  	8.33  	308	37 	1  	117   	7.69487
309	112   	1e+06	309	1e+06	1e+06	112   	0  	8.625 	309	37 	1  	112   	8.59677
310	113   	1e+06	310	1e+06	1e+06	113   	0  	8.37  	310	37 	1  	113   	8.19836
311	111   	1e+06	311	1e+06	1e+06	111   	0  	8.095 	311	37 	1  	111   	7.39297
312	110   	1e+06	312	1e+06	1e+06	110   	0  	8.33  	312	41 	1  	110   	7.85055
313	117   	1e+06	313	1e+06	1e+06	117   	0  	8.75  	313	36 	1  	117   	7.7703 
314	130   	1e+06	314	1e+06	1e+06	130   	0  	8.7   	314	35 	1  	130   	7.75306
315	117   	1e+06	315	1e+06	1e+06	117   	0  	8.275 	315	37 	1  	117   	7.70775
316	114   	1e+06	316	1e+06	1e+06	114   	0  	8.515 	316	37 	1  	114   	7.88034
317	107   	1e+06	317	1e+06	1e+06	107   	0  	9.09  	317	37 	1  	107   	8.44523
318	110   	1e+06	318	1e+06	1e+06	110   	0  	9.515 	318	37 	1  	110   	8.53228
319	116   	1e+06	319	1e+06	1e+06	116   	0  	9.885 	319	37 	1  	116   	7.76671
320	124   	1e+06	320	1e+06	1e+06	124   	0  	9.07  	320	34 	1  	124   	7.13828
321	118   	1e+06	321	1e+06	1e+06	118   	0  	9.255 	321	40 	1  	118   	7.11618
322	119   	1e+06	322	1e+06	1e+06	119   	0  	9.195 	322	34 	1  	119   	7.23443
323	111   	1e+06	323	1e+06	1e+06	111   	0  	9.525 	323	34 	1  	111   	7.74399
324	94    	1e+06	324	1e+06	1e+06	94    	0  	9.045 	324	44 	1  	94    	7.82834
325	108   	1e+06	325	1e+06	1e+06	108   	0  	9.53  	325	35 	1  	108   	7.42961
326	100   	1e+06	326	1e+06	1e+06	100   	0  	8.42  	326	35 	1  	100   	7.27555
327	109   	1e+06	327	1e+06	1e+06	109   	0  	8.575 	327	35 	1  	109   	6.82967
328	124   	1e+06	328	1e+06	1e+06	124   	0  	7.94  	328	35 	1  	124   	6.22787
329	112   	1e+06	329	1e+06	1e+06	112   	0  	8.335 	329	35 	1  	112   	6.61459
330	99    	1e+06	330	1e+06	1e+06	99    	0  	8.175 	330	35 	1  	99    	6.19713
331	90    	1e+06	331	1e+06	1e+06	90    	0  	8.21  	331	30 	1  	90    	6.39343
332	107   	1e+06	332	1e+06	1e+06	107   	0  	8.815 	332	33 	1  	107   	6.71124
333	103   	1e+06	333	1e+06	1e+06	103   	0  	8.135 	333	28 	1  	103   	5.66981
334	117   	1e+06	334	1e+06	1e+06	117   	0  	7.37  	334	26 	1  	117   	5.03916
335	113   	1e+06	335	1e+06	1e+06	113   	0  	7.2   	335	21 	1  	113   	5.14198
336	99    	1e+06	336	1e+06	1e+06	99    	0  	7.79  	336	27 	1  	99    	5.3269 
337	104   	1e+06	337	1e+06	1e+06	104   	0  	7.855 	337	27 	1  	104   	5.69772
338	101   	1e+06	338	1e+06	1e+06	101   	0  	8.085 	338	27 	1  	101   	5.70682
339	124   	1e+06	339	1e+06	1e+06	124   	0  	8.065 	339	30 	1  	124   	6.01421
340	116   	1e+06	340	1e+06	1e+06	116   	0  	8.74  	340	30 	1  	116   	6.9161 
341	125   	1e+06	341	1e+06	1e+06	125   	0  	8.735 	341	31 	1  	125   	7.31059
342	126   	1e+06	342	1e+06	1e+06	126   	0  	8.495 	342	33 	1  	126   	7.07672
343	115   	1e+06	343	1e+06	1e+06	115   	0  	9.03  	343	33 	1  	115   	7.50327
344	117   	1e+06	344	1e+06	1e+06	117   	0  	9.5   	344	35 	1  	117   	7.54188
345	105   	1e+06	345	1e+06	1e+06	105   	0  	9.495 	345	38 	1  	105   	8.23954
346	99    	1e+06	346	1e+06	1e+06	99    	0  	10.01 	346	46 	1  	99    	8.76698
347	115   	1e+06	347	1e+06	1e+06	115   	0  	9.835 	347	38 	1  	115   	7.95285
348	109   	1e+06	348	1e+06	1e+06	109   	0  	9.425 	348	36 	1  	109   	7.63835
349	112   	1e+06	349	1e+06	1e+06	112   	0  	10.05 	349	36 	1  	112   	7.88083
350	121   	1e+06	350	1e+06	1e+06	121   	0  	10.345	350	34 	1  	121   	7.8674 
351	112   	1e+06	351	1e+06	1e+06	112   	0  	9.735 	351	38 	1  	112   	7.80095
352	122   	1e+06	352	1e+06	1e+06	122   	0  	9.66  	352	40 	1  	122   	8.10829
353	108   	1e+06	353	1e+06	1e+06	108   	0  	9.03  	353	42 	1  	108   	7.09782
354	112   	1e+06	354	1e+06	1e+06	112   	0  	9.48  	354	42 	1  	112   	7.42426
355	98    	1e+06	355	1e+06	1e+06	98    	0  	9.06  	355	35 	1  	98    	6.46965
356	99    	1e+06	356	1e+06	1e+06	99    	0  	8.86  	356	37 	1  	99    	6.69704
357	103   	1e+06	357	1e+06	1e+06	103   	0  	8.91  	357	43 	1  	103   	7.43652
358	124   	1e+06	358	1e+06	1e+06	124   	0  	8.845 	358	46 	1  	124   	7.53067
359	112   	1e+06	359	1e+06	1e+06	112   	0  	9.72  	359	55 	1  	112   	7.40889
360	129   	1e+06	360	1e+06	1e+06	129   	0  	9.795 	360	51 	1  	129   	7.01021
361	113   	1e+06	361	1e+06	1e+06	113   	0  	10.885	361	52 	1  	113   	8.63492
362	104   	1e+06	362	1e+06	1e+06	104   	0  	11.09 	362	51 	1  	104   	8.22143
363	104   	1e+06	363	1e+06	1e+06	104   	0  	10.96 	363	51 	1  	104   	7.76585
364	96    	1e+06	364	1e+06	1e+06	96    	0  	11.265	364	62 	1  	96    	8.05759
365	103   	1e+06	365	1e+06	1e+06	103   	0  	11.74 	365	62 	1  	103   	8.75913
366	114   	1e+06	366	1e+06	1e+06	114   	0  	11.87 	366	62 	1  	114   	8.88837
367	105   	1e+06	367	1e+06	1e+06	105   	0  	11.92 	367	64 	1  	105   	8.8331 
368	100   	1e+06	368	1e+06	1e+06	100   	0  	11.39 	368	62 	1  	100   	8.74345
369	125   	1e+06	369	1e+06	1e+06	125   	0  	12.86 	369	62 	1  	125   	11.2241
370	103   	1e+06	370	1e+06	1e+06	103   	0  	12.465	370	45 	1  	103   	9.25844
371	84    	1e+06	371	1e+06	1e+06	84    	0  	12.745	371	48 	1  	84    	10.3039
372	113   	1e+06	372	1e+06	1e+06	113   	0  	12.345	372	44 	1  	113   	9.34323
373	107   	1e+06	373	1e+06	1e+06	107   	0  	12.66 	373	46 	1  	107   	10.0207
374	126   	1e+06	374	1e+06	1e+06	126   	0  	13.165	374	44 	1  	126   	9.79478
375	102   	1e+06	375	1e+06	1e+06	102   	0  	13.88 	375	57 	1  	102   	10.1718
376	127   	1e+06	376	1e+06	1e+06	127   	0  	13.595	376	44 	1  	127   	9.87831
377	123   	1e+06	377	1e+06	1e+06	123   	0  	14.235	377	44 	1  	123   	10.3378
378	105   	1e+06	378	1e+06	1e+06	105   	0  	14.565	378	48 	1  	105   	10.8483
379	105   	1e+06	379	1e+06	1e+06	105   	0  	13.24 	379	50 	1  	105   	9.94195
380	101   	1e+06	380	1e+06	1e+06	101   	0  	14.085	380	53 	1  	101   	10.6526
381	95    	1e+06	381	1e+06	1e+06	95    	0  	13.445	381	56 	1  	95    	10.3023
382	131   	1e+06	382	1e+06	1e+06	131   	0  	13.285	382	58 	1  	131   	9.39648
383	97    	1e+06	383	1e+06	1e+06	97    	0  	13.085	383	58 	1  	97    	9.0685 
384	111   	1e+06	384	1e+06	1e+06	111   	0  	13.35 	384	52 	1  	111   	8.59113
385	104   	1e+06	385	1e+06	1e+06	104   	0  	12.94 	385	52 	1  	104   	8.66293
386	95    	1e+06	386	1e+06	1e+06	95    	0  	12.325	386	45 	1  	95    	8.2091 
387	106   	1e+06	387	1e+06	1e+06	106   	0  	11.775	387	45 	1  	106   	8.33513
388	98    	1e+06	388	1e+06	1e+06	98    	0  	11.83 	388	38 	1  	98    	7.79494
389	113   	1e+06	389	1e+06	1e+06	113   	0  	12    	389	37 	1  	113   	7.84347
390	106   	1e+06	390	1e+06	1e+06	106   	0  	12.04 	390	41 	1  	106   	8.34916
391	116   	1e+06	391	1e+06	1e+06	116   	0  	13.06 	391	43 	1  	116   	9.30679
392	106   	1e+06	392	1e+06	1e+06	106   	0  	13.025	392	48 	1  	106   	9.8648 
393	118   	1e+06	393	1e+06	1e+06	118   	0  	11.85 	393	53 	1  	118   	9.35935
394	102   	1e+06	394	1e+06	1e+06	102   	0  	12.28 	394	53 	1  	102   	9.28879
395	102   	1e+06	395	1e+06	1e+06	102   	0  	12.83 	395	53 	1  	102   	10.1139
396	107   	1e+06	396	1e+06	1e+06	107   	0  	13.51 	396	54 	1  	107   	9.61353
397	108   	1e+06	397	1e+06	1e+06	108   	0  	13.015	397	59 	1  	108   	9.6641 
398	124   	1e+06	398	1e+06	1e+06	124   	0  	12.245	398	59 	1  	124   	10.0272
399	110   	1e+06	399	1e+06	1e+06	110   	0  	13.04 	399	55 	1  	110   	9.63734
400	106   	1e+06	400	1e+06	1e+06	106   	0  	12.665	400	55 	1  	106   	9.36818
401	102   	1e+06	401	1e+06	1e+06	102   	0  	13.14 	401	57 	1  	102   	10.387 
402	125   	1e+06	402	1e+06	1e+06	125   	0  	13.02 	402	73 	1  	125   	10.8351
403	103   	1e+06	403	1e+06	1e+06	103   	0  	14.215	403	73 	1  	103   	11.9774
404	100   	1e+06	404	1e+06	1e+06	100   	0  	13.055	404	73 	1  	100   	10.1465
405	90    	1e+06	405	1e+06	1e+06	90    	0  	15.405	405	75 	1  	90    	12.4057
406	113   	1e+06	406	1e+06	1e+06	113   	0  	14.96 	406	73 	1  	113   	11.276 
407	104   	1e+06	407	1e+06	1e+06	104   	0  	15.695	407	73 	1  	104   	12.0897
408	118   	1e+06	408	1e+06	1e+06	118   	0  	14.55 	408	92 	1  	118   	10.9862
409	111   	1e+06	409	1e+06	1e+06	111   	0  	14.255	409	46 	1  	111   	9.60781
410	108   	1e+06	410	1e+06	1e+06	108   	0  	14.215	410	46 	1  	108   	9.52359
411	111   	1e+06	411	1e+06	1e+06	111   	0  	13.78 	411	41 	1  	111   	9.48744
412	118   	1e+06	412	1e+06	1e+06	118   	0  	14.4  	412	46 	2  	118   	9.64054
413	101   	1e+06	413	1e+06	1e+06	101   	0  	14.395	413	53 	1  	101   	10.1892
414	114   	1e+06	414	1e+06	1e+06	114   	0  	13.425	414	49 	1  	114   	9.37627
415	111   	1e+06	415	1e+06	1e+06	111   	0  	13.74 	415	49 	1  	111   	9.43464
416	98    	1e+06	416	1e+06	1e+06	98    	0  	13.905	416	49 	1  	98    	9.40723
417	121   	1e+06	417	1e+06	1e+06	121   	0  	13.14 	417	49 	1  	121   	9.03993
418	111   	1e+06	418	1e+06	1e+06	111   	0  	13.69 	418	49 	1  	111   	9.95961
419	108   	1e+06	419	1e+06	1e+06	108   	0  	12.96 	419	52 	1  	108   	8.91731
420	114   	1e+06	420	1e+06	1e+06	114   	0  	11.415	420	52 	1  	114   	8.33743
421	104   	1e+06	421	1e+06	1e+06	104   	0  	10.905	421	52 	1  	104   	8.82134
422	110   	1e+06	422	1e+06	1e+06	110   	0  	10.83 	422	52 	1  	110   	8.7699 
423	118   	1e+06	423	1e+06	1e+06	118   	0  	11.16 	423	44 	1  	118   	8.6922 
424	104   	1e+06	424	1e+06	1e+06	104   	0  	10.53 	424	41 	1  	104   	8.19934
425	113   	1e+06	425	1e+06	1e+06	113   	0  	10.105	425	37 	1  	113   	8.02459
426	114   	1e+06	426	1e+06	1e+06	114   	0  	10.25 	426	37 	1  	114   	7.68879
427	118   	1e+06	427	1e+06	1e+06	118   	0  	9.99  	427	49 	1  	118   	7.8632 
428	102   	1e+06	428	1e+06	1e+06	102   	0  	9.955 	428	38 	1  	102   	7.47148
429	107   	1e+06	429	1e+06	1e+06	107   	0  	9.96  	429	36 	1  	107   	8.0205 
430	116   	1e+06	430	1e+06	1e+06	116   	0  	10.025	430	41 	1  	116   	7.87492
431	116   	1e+06	431	1e+06	1e+06	116   	0  	10.68 	431	36 	1  	116   	7.6143 
432	120   	1e+06	432	1e+06	1e+06	120   	0  	11.165	432	34 	1  	120   	7.71866
433	106   	1e+06	433	1e+06	1e+06	106   	0  	11.765	433	44 	1  	106   	7.88605
434	95    	1e+06	434	1e+06	1e+06	95    	0  	12.205	434	48 	1  	95    	8.60308
435	119   	1e+06	435	1e+06	1e+06	119   	0  	12.315	435	34 	1  	119   	8.3202 
436	109   	1e+06	436	1e+06	1e+06	109   	0  	12.35 	436	38 	1  	109   	8.94525
437	120   	1e+06	437	1e+06	1e+06	120   	0  	11.32 	437	34 	1  	120   	8.5503 
438	101   	1e+06	438	1e+06	1e+06	101   	0  	10.4  	438	34 	1  	101   	8.47821
439	96    	1e+06	439	1e+06	1e+06	96    	0  	10.865	439	40 	1  	96    	8.71245
440	104   	1e+06	440	1e+06	1e+06	104   	0  	10.555	440	40 	1  	104   	8.07756
441	121   	1e+06	441	1e+06	1e+06	121   	0  	9.885 	441	53 	1  	121   	8.28745
442	109   	1e+06	442	1e+06	1e+06	109   	0  	9.76  	442	56 	1  	109   	8.24999
443	103   	1e+06	443	1e+06	1e+06	103   	0  	9.37  	443	36 	1  	103   	7.13254
444	103   	1e+06	444	1e+06	1e+06	103   	0  	9.23  	444	36 	1  	103   	6.95393
445	104   	1e+06	445	1e+06	1e+06	104   	0  	9.415 	445	39 	1  	104   	7.13672
446	101   	1e+06	446	1e+06	1e+06	101   	0  	10.06 	446	39 	1  	101   	7.78565
447	98    	1e+06	447	1e+06	1e+06	98    	0  	10.01 	447	42 	1  	98    	7.61577
448	117   	1e+06	448	1e+06	1e+06	117   	0  	9.815 	448	39 	1  	117   	6.87828
449	113   	1e+06	449	1e+06	1e+06	113   	0  	9.905 	449	41 	1  	113   	6.89681
450	102   	1e+06	450	1e+06	1e+06	102   	0  	9.615 	450	32 	1  	102   	6.70274
451	107   	1e+06	451	1e+06	1e+06	107   	0  	9.72  	451	38 	1  	107   	7.19247
452	112   	1e+06	452	1e+06	1e+06	112   	0  	9.745 	452	38 	1  	112   	7.44312
453	124   	1e+06	453	1e+06	1e+06	124   	0  	9.225 	453	38 	1  	124   	7.03807
454	114   	1e+06	454	1e+06	1e+06	114   	0  	8.855 	454	30 	1  	114   	6.53789
455	126   	1e+06	455	1e+06	1e+06	126   	0  	8.54  	455	30 	1  	126   	6.60821
456	108   	1e+06	456	1e+06	1e+06	108   	0  	9.525 	456	33 	1  	108   	6.99138
457	97    	1e+06	457	1e+06	1e+06	97    	0  	9.44  	457	33 	1  	97    	6.57316
458	102   	1e+06	458	1e+06	1e+06	102   	0  	9.52  	458	33 	1  	102   	6.73198
459	120   	1e+06	459	1e+06	1e+06	120   	0  	8.885 	459	33 	1  	120   	6.20417
460	103   	1e+06	460	1e+06	1e+06	103   	0  	8.99  	460	33 	1  	103   	6.39843
461	117   	1e+06	461	1e+06	1e+06	117   	0  	9.375 	461	39 	1  	117   	6.71002
462	96    	1e+06	462	1e+06	1e+06	96    	0  	9.545 	462	42 	1  	96    	6.86352
463	113   	1e+06	463	1e+06	1e+06	113   	0  	9.92  	463	45 	1  	113   	7.30025
464	109   	1e+06	464	1e+06	1e+06	109   	0  	9.745 	464	46 	1  	109   	7.71945
465	104   	1e+06	465	1e+06	1e+06	104   	0  	10.52 	465	46 	1  	104   	9.16513
466	120   	1e+06	466	1e+06	1e+06	120   	0  	10.995	466	50 	1  	120   	9.66514
467	106   	1e+06	467	1e+06	1e+06	106   	0  	10.32 	467	50 	1  	106   	9.53297
468	108   	1e+06	468	1e+06	1e+06	108   	0  	9.595 	468	50 	1  	108   	8.4505 
469	94    	1e+06	469	1e+06	1e+06	94    	0  	8.88  	469	42 	1  	94    	7.40105
470	95    	1e+06	470	1e+06	1e+06	95    	0  	8.9   	470	35 	1  	95    	6.99643
471	110   	1e+06	471	1e+06	1e+06	110   	0  	8.615 	471	35 	1  	110   	6.68332
472	94    	1e+06	472	1e+06	1e+06	94    	0  	8.745 	472	29 	1  	94    	7.13933
473	124   	1e+06	473	1e+06	1e+06	124   	0  	9.375 	473	34 	1  	124   	7.71974
474	116   	1e+06	474	1e+06	1e+06	116   	0  	9.385 	474	36 	1  	116   	7.83242
475	119   	1e+06	475	1e+06	1e+06	119   	0  	9.595 	475	36 	1  	119   	7.96687
476	108   	1e+06	476	1e+06	1e+06	108   	0  	9.43  	476	38 	1  	108   	8.15507
477	108   	1e+06	477	1e+06	1e+06	108   	0  	9.09  	477	38 	1  	108   	7.33839
478	112   	1e+06	478	1e+06	1e+06	112   	0  	9.585 	478	39 	1  	112   	7.47146
479	128   	1e+06	479	1e+06	1e+06	128   	0  	8.94  	479	41 	1  	128   	7.40584
480	115   	1e+06	480	1e+06	1e+06	115   	0  	9.72  	480	41 	1  	115   	8.21411
481	104   	1e+06	481	1e+06	1e+06	104   	0  	8.3   	481	42 	1  	104   	7.23257
482	119   	1e+06	482	1e+06	1e+06	119   	0  	8.345 	482	44 	1  	119   	7.37265
483	123   	1e+06	483	1e+06	1e+06	123   	0  	7.635 	483	44 	1  	123   	6.38684
484	107   	1e+06	484	1e+06	1e+06	107   	0  	7.53  	484	31 	1  	107   	5.92361
485	101   	1e+06	485	1e+06	1e+06	101   	0  	7.88  	485	31 	1  	101   	6.83122
486	104   	1e+06	486	1e+06	1e+06	104   	0  	8.15  	486	43 	1  	104   	7.24206
487	107   	1e+06	487	1e+06	1e+06	107   	0  	8.73  	487	37 	1  	107   	8.20592
488	110   	1e+06	488	1e+06	1e+06	110   	0  	9.375 	488	41 	1  	110   	8.25254
489	105   	1e+06	489	1e+06	1e+06	105   	0  	9.15  	489	36 	1  	105   	8.24667
490	107   	1e+06	490	1e+06	1e+06	107   	0  	9.11  	490	35 	1  	107   	7.72256
491	112   	1e+06	491	1e+06	1e+06	112   	0  	9.16  	491	35 	1  	112   	8.81671
492	113   	1e+06	492	1e+06	1e+06	113   	0  	8.495 	492	42 	1  	113   	8.45577
493	119   	1e+06	493	1e+06	1e+06	119   	0  	9.355 	493	44 	1  	119   	8.70396
494	131   	1e+06	494	1e+06	1e+06	131   	0  	8.53  	494	40 	1  	131   	6.85413
495	111   	1e+06	495	1e+06	1e+06	111   	0  	8.41  	495	33 	1  	111   	6.80308
496	111   	1e+06	496	1e+06	1e+06	111   	0  	8.74  	496	33 	1  	111   	7.09594
497	101   	1e+06	497	1e+06	1e+06	101   	0  	9.985 	497	38 	1  	101   	7.37393
498	113   	1e+06	498	1e+06	1e+06	113   	0  	9.885 	498	39 	1  	113   	7.08391
499	109   	1e+06	499	1e+06	1e+06	109   	0  	10.93 	499	39 	1  	109   	7.83933
500	96    	1e+06	500	1e+06	1e+06	96    	0  	10.33 	500	39 	1  	96    	7.49274
['execn(sub(ARG0, ARG0), add(ARG2, ARG0))']
